     1        0   0.000
     2    14680   0.010
     3    29359   0.020
     4    44038   0.030
     5    58717   0.040
     6    73396   0.050
     7    88075   0.060
     8   102754   0.070
     9   117433   0.080
    10   132112   0.090
    11   146791   0.100
    12   161470   0.110
    13   176149   0.120
    14   190828   0.130
    15   205507   0.140
    16   220186   0.150
    17   234865   0.160
    18   249544   0.170
    19   264223   0.180
    20   278902   0.190
    21   293581   0.200
    22   308260   0.210
    23   322939   0.220
    24   337618   0.230
    25   352297   0.240
    26   366976   0.250
    27   381655   0.260
    28   396334   0.270
    29   411013   0.280
    30   425692   0.290
    31   440371   0.300
    32   455050   0.310
    33   469729   0.320
    34   484408   0.330
    35   499087   0.340
    36   513766   0.350
    37   528445   0.360
    38   543124   0.370
    39   557803   0.380
    40   572482   0.390
    41   587161   0.400
    42   601840   0.410
    43   616519   0.420
    44   631198   0.430
    45   645877   0.440
    46   660556   0.450
    47   675235   0.460
    48   689914   0.470
    49   704593   0.480
    50   719272   0.490
    51   733951   0.500
    52   748630   0.510
    53   763309   0.520
    54   777988   0.530
    55   792667   0.540
    56   807346   0.550
    57   822025   0.560
    58   836704   0.570
    59   851383   0.580
    60   866062   0.590
    61   880741   0.600
    62   895420   0.610
    63   910099   0.620
    64   924778   0.630
    65   939457   0.640
    66   954136   0.650
    67   968815   0.660
    68   983494   0.670
    69   998173   0.680
    70  1012852   0.690
    71  1027531   0.700
    72  1042210   0.710
    73  1056889   0.720
    74  1071568   0.730
    75  1086247   0.740
    76  1100926   0.750
    77  1115605   0.760
    78  1130284   0.770
    79  1144963   0.780
    80  1159642   0.790
    81  1174321   0.800
    82  1189000   0.810
    83  1203679   0.820
    84  1218358   0.830
    85  1233037   0.840
    86  1247716   0.850
    87  1262395   0.860
    88  1277074   0.870
    89  1291753   0.880
    90  1306432   0.890
    91  1321111   0.900
    92  1335790   0.910
    93  1350469   0.920
    94  1365148   0.930
    95  1379827   0.940
    96  1394506   0.950
    97  1409185   0.960
    98  1423864   0.970
    99  1438543   0.980
   100  1453222   0.990
   101  1467901   1.000
   102  1482580   1.010
   103  1497259   1.020
   104  1511938   1.030
   105  1526617   1.040
   106  1541296   1.050
   107  1555975   1.060
   108  1570654   1.070
   109  1585333   1.080
   110  1600012   1.090
   111  1614691   1.100
   112  1629370   1.110
   113  1644049   1.120
   114  1658728   1.130
   115  1673407   1.140
   116  1688086   1.150
   117  1702765   1.160
   118  1717444   1.170
   119  1732123   1.180
   120  1746802   1.190
   121  1761481   1.200
   122  1776160   1.210
   123  1790839   1.220
   124  1805518   1.230
   125  1820197   1.240
   126  1834876   1.250
   127  1849555   1.260
   128  1864234   1.270
   129  1878913   1.280
   130  1893592   1.290
   131  1908271   1.300
   132  1922950   1.310
   133  1937629   1.320
   134  1952308   1.330
   135  1966987   1.340
   136  1981666   1.350
   137  1996345   1.360
   138  2011024   1.370
   139  2025703   1.380
   140  2040382   1.390
   141  2055061   1.400
   142  2069740   1.410
   143  2084419   1.420
   144  2099098   1.430
   145  2113777   1.440
   146  2128456   1.450
   147  2143135   1.460
   148  2157814   1.470
   149  2172493   1.480
   150  2187172   1.490
   151  2201851   1.500
   152  2216530   1.510
   153  2231209   1.520
   154  2245888   1.530
   155  2260567   1.540
   156  2275246   1.550
   157  2289925   1.560
   158  2304604   1.570
   159  2319283   1.580
   160  2333962   1.590
   161  2348641   1.600
   162  2363320   1.610
   163  2377999   1.620
   164  2392678   1.630
   165  2407357   1.640
   166  2422036   1.650
   167  2436715   1.660
   168  2451394   1.670
   169  2466073   1.680
   170  2480752   1.690
   171  2495431   1.700
   172  2510110   1.710
   173  2524789   1.720
   174  2539468   1.730
   175  2554147   1.740
   176  2568826   1.750
   177  2583505   1.760
   178  2598184   1.770
   179  2612863   1.780
   180  2627542   1.790
   181  2642221   1.800
   182  2656900   1.810
   183  2671579   1.820
   184  2686258   1.830
   185  2700937   1.840
   186  2715616   1.850
   187  2730295   1.860
   188  2744974   1.870
   189  2759653   1.880
   190  2774332   1.890
   191  2789011   1.900
   192  2803690   1.910
   193  2818369   1.920
   194  2833048   1.930
   195  2847727   1.940
   196  2862406   1.950
   197  2877085   1.960
   198  2891764   1.970
   199  2906443   1.980
   200  2921122   1.990
   201  2935801   2.000
   202  2950480   2.010
   203  2965159   2.020
   204  2979838   2.030
   205  2994517   2.040
   206  3009196   2.050
   207  3023875   2.060
   208  3038554   2.070
   209  3053233   2.080
   210  3067912   2.090
   211  3082591   2.100
   212  3097270   2.110
   213  3111949   2.120
   214  3126628   2.130
   215  3141307   2.140
   216  3155986   2.150
   217  3170665   2.160
   218  3185344   2.170
   219  3200023   2.180
   220  3214702   2.190
   221  3229381   2.200
   222  3244060   2.210
   223  3258739   2.220
   224  3273418   2.230
   225  3288097   2.240
   226  3302776   2.250
   227  3317455   2.260
   228  3332134   2.270
   229  3346813   2.280
   230  3361492   2.290
   231  3376171   2.300
   232  3390850   2.310
   233  3405529   2.320
   234  3420208   2.330
   235  3434887   2.340
   236  3449566   2.350
   237  3464245   2.360
   238  3478924   2.370
   239  3493603   2.380
   240  3508282   2.390
   241  3522961   2.400
   242  3537640   2.410
   243  3552319   2.420
   244  3566998   2.430
   245  3581677   2.440
   246  3596356   2.450
   247  3611035   2.460
   248  3625714   2.470
   249  3640393   2.480
   250  3655072   2.490
   251  3669751   2.500
   252  3684430   2.510
   253  3699109   2.520
   254  3713788   2.530
   255  3728467   2.540
   256  3743146   2.550
   257  3757825   2.560
   258  3772504   2.570
   259  3787183   2.580
   260  3801862   2.590
   261  3816541   2.600
   262  3831220   2.610
   263  3845899   2.620
   264  3860578   2.630
   265  3875257   2.640
   266  3889936   2.650
   267  3904615   2.660
   268  3919294   2.670
   269  3933973   2.680
   270  3948652   2.690
   271  3963331   2.700
   272  3978010   2.710
   273  3992689   2.720
   274  4007368   2.730
   275  4022047   2.740
   276  4036726   2.750
   277  4051405   2.760
   278  4066084   2.770
   279  4080763   2.780
   280  4095442   2.790
   281  4110121   2.800
   282  4124800   2.810
   283  4139479   2.820
   284  4154158   2.830
   285  4168837   2.840
   286  4183516   2.850
   287  4198195   2.860
   288  4212874   2.870
   289  4227553   2.880
   290  4242232   2.890
   291  4256911   2.900
   292  4271590   2.910
   293  4286269   2.920
   294  4300948   2.930
   295  4315627   2.940
   296  4330306   2.950
   297  4344985   2.960
   298  4359664   2.970
   299  4374343   2.980
   300  4389022   2.990
   301  4403701   3.000
   302  4418380   3.010
   303  4433059   3.020
   304  4447738   3.030
   305  4462417   3.040
   306  4477096   3.050
   307  4491775   3.060
   308  4506454   3.070
   309  4521133   3.080
   310  4535812   3.090
   311  4550491   3.100
   312  4565170   3.110
   313  4579849   3.120
   314  4594528   3.130
   315  4609207   3.140
   316  4623886   3.150
   317  4638565   3.160
   318  4653244   3.170
   319  4667923   3.180
   320  4682602   3.190
   321  4697281   3.200
   322  4711960   3.210
   323  4726639   3.220
   324  4741318   3.230
   325  4755997   3.240
   326  4770676   3.250
   327  4785355   3.260
   328  4800034   3.270
   329  4814713   3.280
   330  4829392   3.290
   331  4844071   3.300
   332  4858750   3.310
   333  4873429   3.320
   334  4888108   3.330
   335  4902787   3.340
   336  4917466   3.350
   337  4932145   3.360
   338  4946824   3.370
   339  4961503   3.380
   340  4976182   3.390
   341  4990861   3.400
   342  5005540   3.410
   343  5020219   3.420
   344  5034898   3.430
   345  5049577   3.440
   346  5064256   3.450
   347  5078935   3.460
   348  5093614   3.470
   349  5108293   3.480
   350  5122972   3.490
   351  5137651   3.500
