     1        0   129600   0.000
     2    14680   129605   0.010
     3    29359   129981   0.020
     4    44038   130586   0.030
     5    58717   130586   0.040
     6    73396   130586   0.050
     7    88075   133150   0.060
     8   102754   133751   0.070
     9   117433   133751   0.080
    10   132112   134353   0.090
    11   146791   134354   0.100
    12   161470   136660   0.110
    13   176149   137270   0.120
    14   190828   137280   0.130
    15   205507   137882   0.140
    16   220186   137883   0.150
    17   234865   140618   0.160
    18   249544   141220   0.170
    19   264223   141221   0.180
    20   278902   141820   0.190
    21   293581   143681   0.200
    22   308260   144281   0.210
    23   322939   144891   0.220
    24   337618   144901   0.230
    25   352297   147209   0.240
    26   366976   147807   0.250
    27   381655   148407   0.260
    28   396334   148407   0.270
    29   411013   148407   0.280
    30   425692   151570   0.290
    31   440371   152170   0.300
    32   455050   152173   0.310
    33   469729   152782   0.320
    34   484408   155042   0.330
    35   499087   155644   0.340
    36   513766   156247   0.350
    37   528445   156247   0.360
    38   543124   158732   0.370
    39   557803   159333   0.380
    40   572482   159333   0.390
    41   587161   159933   0.400
    42   601840   159935   0.410
    43   616519   163162   0.420
    44   631198   163773   0.430
    45   645877   163779   0.440
    46   660556   164381   0.450
    47   675235   164381   0.460
    48   689914   167161   0.470
    49   704593   167762   0.480
    50   719272   168365   0.490
    51   733951   170607   0.500
    52   748630   171211   0.510
    53   763309   171224   0.520
    54   777988   171831   0.530
    55   792667   174462   0.540
    56   807346   175064   0.550
    57   822025   175064   0.560
    58   836704   175663   0.570
    59   851383   177920   0.580
    60   866062   178520   0.590
    61   880741   178520   0.600
    62   895420   181043   0.610
    63   910099   181650   0.620
    64   924778   181657   0.630
    65   939457   182259   0.640
    66   954136   182259   0.650
    67   968815   184842   0.660
    68   983494   185444   0.670
    69   998173   186043   0.680
    70  1012852   188073   0.690
    71  1027531   188673   0.700
    72  1042210   189275   0.710
    73  1056889   191584   0.720
    74  1071568   191594   0.730
    75  1086247   192194   0.740
    76  1100926   192796   0.750
    77  1115605   192796   0.760
    78  1130284   195407   0.770
    79  1144963   196007   0.780
    80  1159642   196607   0.790
    81  1174321   196607   0.800
    82  1189000   199381   0.810
    83  1203679   199988   0.820
    84  1218358   199998   0.830
    85  1233037   200600   0.840
    86  1247716   200602   0.850
    87  1262395   204812   0.860
    88  1277074   204812   0.870
    89  1291753   205412   0.880
    90  1306432   206014   0.890
    91  1321111   206014   0.900
    92  1335790   208883   0.910
    93  1350469   209494   0.920
    94  1365148   210102   0.930
    95  1379827   210110   0.940
    96  1394506   213279   0.950
    97  1409185   213878   0.960
    98  1423864   213878   0.970
    99  1438543   214478   0.980
   100  1453222   217047   0.990
   101  1467901   217647   1.000
   102  1482580   217647   1.010
   103  1497259   218259   1.020
   104  1511938   221047   1.030
   105  1526617   221653   1.040
   106  1541296   221653   1.050
   107  1555975   222255   1.060
   108  1570654   222255   1.070
   109  1585333   225302   1.080
   110  1600012   225902   1.090
   111  1614691   225902   1.100
   112  1629370   226507   1.110
   113  1644049   226518   1.120
   114  1658728   230597   1.130
   115  1673407   231204   1.140
   116  1688086   231204   1.150
   117  1702765   231804   1.160
   118  1717444   234863   1.170
   119  1732123   234863   1.180
   120  1746802   235465   1.190
   121  1761481   236064   1.200
   122  1776160   236066   1.210
   123  1790839   236675   1.220
   124  1805518   240197   1.230
   125  1820197   240807   1.240
   126  1834876   240807   1.250
   127  1849555   241407   1.260
   128  1864234   241407   1.270
   129  1878913   245218   1.280
   130  1893592   245817   1.290
   131  1908271   245817   1.300
   132  1922950   248200   1.310
   133  1937629   248805   1.320
   134  1952308   249411   1.330
   135  1966987   251464   1.340
   136  1981666   252063   1.350
   137  1996345   252063   1.360
   138  2011024   254284   1.370
   139  2025703   254879   1.380
   140  2040382   257142   1.390
   141  2055061   257742   1.400
   142  2069740   257742   1.410
   143  2084419   258348   1.420
   144  2099098   258356   1.430
   145  2113777   258959   1.440
   146  2128456   262252   1.450
   147  2143135   262850   1.460
   148  2157814   263450   1.470
   149  2172493   263451   1.480
   150  2187172   266316   1.490
   151  2201851   266918   1.500
   152  2216530   266923   1.510
   153  2231209   267534   1.520
   154  2245888   267551   1.530
   155  2260567   271414   1.540
   156  2275246   272015   1.550
   157  2289925   272015   1.560
   158  2304604   272615   1.570
   159  2319283   274821   1.580
   160  2333962   275421   1.590
   161  2348641   276021   1.600
   162  2363320   278018   1.610
   163  2377999   278627   1.620
   164  2392678   278632   1.630
   165  2407357   279232   1.640
   166  2422036   279232   1.650
   167  2436715   282850   1.660
   168  2451394   283449   1.670
   169  2466073   283449   1.680
   170  2480752   284049   1.690
   171  2495431   286608   1.700
   172  2510110   287212   1.710
   173  2524789   287223   1.720
   174  2539468   289953   1.730
   175  2554147   290555   1.740
   176  2568826   290555   1.750
   177  2583505   291155   1.760
   178  2598184   293369   1.770
   179  2612863   293971   1.780
   180  2627542   296262   1.790
   181  2642221   296262   1.800
   182  2656900   296862   1.810
   183  2671579   297467   1.820
   184  2686258   297475   1.830
   185  2700937   298078   1.840
   186  2715616   298079   1.850
   187  2730295   302061   1.860
   188  2744974   302660   1.870
   189  2759653   303260   1.880
   190  2774332   303261   1.890
   191  2789011   303261   1.900
   192  2803690   307087   1.910
   193  2818369   307698   1.920
   194  2833048   307711   1.930
   195  2847727   308316   1.940
   196  2862406   308319   1.950
   197  2877085   308917   1.960
   198  2891764   312732   1.970
   199  2906443   313334   1.980
   200  2921122   313933   1.990
   201  2935801   313933   2.000
   202  2950480   314537   2.010
   203  2965159   317901   2.020
   204  2979838   318510   2.030
   205  2994517   318519   2.040
   206  3009196   319121   2.050
   207  3023875   319121   2.060
   208  3038554   322316   2.070
   209  3053233   322916   2.080
   210  3067912   323516   2.090
   211  3082591   323516   2.100
   212  3097270   323518   2.110
   213  3111949   327611   2.120
   214  3126628   328223   2.130
   215  3141307   328233   2.140
   216  3155986   328833   2.150
   217  3170665   328833   2.160
   218  3185344   331835   2.170
   219  3200023   332434   2.180
   220  3214702   333034   2.190
   221  3229381   333034   2.200
   222  3244060   333636   2.210
   223  3258739   336951   2.220
   224  3273418   337555   2.230
   225  3288097   338161   2.240
   226  3302776   340917   2.250
   227  3317455   340917   2.260
   228  3332134   341517   2.270
   229  3346813   342117   2.280
   230  3361492   344120   2.290
   231  3376171   344722   2.300
   232  3390850   345325   2.310
   233  3405529   345339   2.320
   234  3420208   345351   2.330
   235  3434887   348702   2.340
   236  3449566   349303   2.350
   237  3464245   349303   2.360
   238  3478924   349902   2.370
   239  3493603   349902   2.380
   240  3508282   353804   2.390
   241  3522961   354404   2.400
   242  3537640   354406   2.410
   243  3552319   355014   2.420
   244  3566998   355024   2.430
   245  3581677   355628   2.440
   246  3596356   359178   2.450
   247  3611035   359778   2.460
   248  3625714   360378   2.470
   249  3640393   362945   2.480
   250  3655072   362945   2.490
   251  3669751   363547   2.500
   252  3684430   364149   2.510
   253  3699109   366278   2.520
   254  3713788   366883   2.530
   255  3728467   367485   2.540
   256  3743146   367485   2.550
   257  3757825   370696   2.560
   258  3772504   371298   2.570
   259  3787183   371298   2.580
   260  3801862   373862   2.590
   261  3816541   374460   2.600
   262  3831220   374465   2.610
   263  3845899   375073   2.620
   264  3860578   378114   2.630
   265  3875257   378119   2.640
   266  3889936   378719   2.650
   267  3904615   379321   2.660
   268  3919294   381459   2.670
   269  3933973   382059   2.680
   270  3948652   382059   2.690
   271  3963331   382659   2.700
   272  3978010   382664   2.710
   273  3992689   386453   2.720
   274  4007368   387064   2.730
   275  4022047   387065   2.740
   276  4036726   387664   2.750
   277  4051405   390274   2.760
   278  4066084   390873   2.770
   279  4080763   390873   2.780
   280  4095442   393177   2.790
   281  4110121   393777   2.800
   282  4124800   394380   2.810
   283  4139479   396369   2.820
   284  4154158   396973   2.830
   285  4168837   396973   2.840
   286  4183516   397573   2.850
   287  4198195   399652   2.860
   288  4212874   400251   2.870
   289  4227553   401839   2.880
   290  4242232   402439   2.890
   291  4256911   404001   2.900
   292  4271590   404601   2.910
   293  4286269   404601   2.920
   294  4300948   405208   2.930
   295  4315627   405216   2.940
   296  4330306   408974   2.950
   297  4344985   409571   2.960
   298  4359664   409571   2.970
   299  4374343   412348   2.980
   300  4389022   412948   2.990
   301  4403701   412948   3.000
   302  4418380   413554   3.010
   303  4433059   413566   3.020
   304  4447738   416492   3.030
   305  4462417   417092   3.040
   306  4477096   417693   3.050
   307  4491775   417693   3.060
   308  4506454   421323   3.070
   309  4521133   421323   3.080
   310  4535812   421922   3.090
   311  4550491   422522   3.100
   312  4565170   424735   3.110
   313  4579849   425342   3.120
   314  4594528   425949   3.130
   315  4609207   425953   3.140
   316  4623886   425955   3.150
   317  4638565   426556   3.160
   318  4653244   430046   3.170
   319  4667923   430646   3.180
   320  4682602   431246   3.190
   321  4697281   431246   3.200
   322  4711960   434108   3.210
   323  4726639   434720   3.220
   324  4741318   434732   3.230
   325  4755997   435334   3.240
   326  4770676   435335   3.250
   327  4785355   439068   3.260
   328  4800034   439667   3.270
   329  4814713   440267   3.280
   330  4829392   442790   3.290
   331  4844071   442790   3.300
   332  4858750   443395   3.310
   333  4873429   444006   3.320
   334  4888108   446007   3.330
   335  4902787   446605   3.340
   336  4917466   446605   3.350
   337  4932145   449344   3.360
   338  4946824   449344   3.370
   339  4961503   449946   3.380
   340  4976182   452017   3.390
   341  4990861   452617   3.400
   342  5005540   453218   3.410
   343  5020219   453227   3.420
   344  5034898   453236   3.430
   345  5049577   453837   3.440
   346  5064256   457394   3.450
   347  5078935   457993   3.460
   348  5093614   458593   3.470
   349  5108293   461007   3.480
   350  5122972   461608   3.490
   351  5137651   461608   3.500
