 0.000E+00 0.000E+00
 0.316E+12 0.109E+17
 0.631E+12 0.190E+17
 0.947E+12 0.324E+17
 0.126E+13 0.514E+17
 0.158E+13 0.686E+17
 0.189E+13 0.917E+17
 0.221E+13 0.989E+17
 0.252E+13 0.115E+18
 0.284E+13 0.136E+18
 0.316E+13 0.148E+18
 0.347E+13 0.165E+18
 0.379E+13 0.176E+18
 0.410E+13 0.183E+18
 0.442E+13 0.194E+18
 0.473E+13 0.205E+18
 0.505E+13 0.221E+18
 0.537E+13 0.229E+18
 0.568E+13 0.239E+18
 0.600E+13 0.257E+18
 0.631E+13 0.274E+18
 0.663E+13 0.293E+18
 0.694E+13 0.305E+18
 0.726E+13 0.317E+18
 0.757E+13 0.341E+18
 0.789E+13 0.359E+18
 0.821E+13 0.367E+18
 0.852E+13 0.387E+18
 0.884E+13 0.396E+18
 0.915E+13 0.415E+18
 0.947E+13 0.431E+18
 0.978E+13 0.450E+18
 0.101E+14 0.469E+18
 0.104E+14 0.495E+18
 0.107E+14 0.517E+18
 0.110E+14 0.527E+18
 0.114E+14 0.549E+18
 0.117E+14 0.572E+18
 0.120E+14 0.581E+18
 0.123E+14 0.595E+18
 0.126E+14 0.616E+18
 0.129E+14 0.632E+18
 0.133E+14 0.653E+18
 0.136E+14 0.666E+18
 0.139E+14 0.681E+18
 0.142E+14 0.699E+18
 0.145E+14 0.714E+18
 0.148E+14 0.736E+18
 0.151E+14 0.752E+18
 0.155E+14 0.769E+18
 0.158E+14 0.800E+18
 0.161E+14 0.810E+18
 0.164E+14 0.844E+18
 0.167E+14 0.865E+18
 0.170E+14 0.887E+18
 0.174E+14 0.900E+18
 0.177E+14 0.916E+18
 0.180E+14 0.936E+18
 0.183E+14 0.959E+18
 0.186E+14 0.972E+18
 0.189E+14 0.984E+18
 0.193E+14 0.102E+19
 0.196E+14 0.103E+19
 0.199E+14 0.105E+19
 0.202E+14 0.108E+19
 0.205E+14 0.109E+19
 0.208E+14 0.112E+19
 0.211E+14 0.114E+19
 0.215E+14 0.116E+19
 0.218E+14 0.117E+19
 0.221E+14 0.119E+19
 0.224E+14 0.121E+19
 0.227E+14 0.124E+19
 0.230E+14 0.126E+19
 0.234E+14 0.129E+19
 0.237E+14 0.131E+19
 0.240E+14 0.133E+19
 0.243E+14 0.135E+19
 0.246E+14 0.136E+19
 0.249E+14 0.138E+19
 0.252E+14 0.140E+19
 0.256E+14 0.143E+19
 0.259E+14 0.146E+19
 0.262E+14 0.147E+19
 0.265E+14 0.149E+19
 0.268E+14 0.150E+19
 0.271E+14 0.153E+19
 0.275E+14 0.155E+19
 0.278E+14 0.157E+19
 0.281E+14 0.159E+19
 0.284E+14 0.161E+19
 0.287E+14 0.164E+19
 0.290E+14 0.166E+19
 0.294E+14 0.168E+19
 0.297E+14 0.170E+19
 0.300E+14 0.173E+19
 0.303E+14 0.175E+19
 0.306E+14 0.177E+19
 0.309E+14 0.179E+19
 0.312E+14 0.182E+19
 0.316E+14 0.184E+19
 0.319E+14 0.186E+19
 0.322E+14 0.189E+19
 0.325E+14 0.192E+19
 0.328E+14 0.193E+19
 0.331E+14 0.197E+19
 0.335E+14 0.199E+19
 0.338E+14 0.201E+19
 0.341E+14 0.204E+19
 0.344E+14 0.206E+19
 0.347E+14 0.207E+19
 0.350E+14 0.210E+19
 0.353E+14 0.212E+19
 0.357E+14 0.215E+19
 0.360E+14 0.217E+19
 0.363E+14 0.220E+19
 0.366E+14 0.222E+19
 0.369E+14 0.224E+19
 0.372E+14 0.226E+19
 0.376E+14 0.228E+19
 0.379E+14 0.231E+19
 0.382E+14 0.233E+19
 0.385E+14 0.235E+19
 0.388E+14 0.239E+19
 0.391E+14 0.241E+19
 0.394E+14 0.243E+19
 0.398E+14 0.246E+19
 0.401E+14 0.248E+19
 0.404E+14 0.251E+19
 0.407E+14 0.252E+19
 0.410E+14 0.254E+19
 0.413E+14 0.257E+19
 0.417E+14 0.261E+19
 0.420E+14 0.262E+19
 0.423E+14 0.266E+19
 0.426E+14 0.269E+19
 0.429E+14 0.270E+19
 0.432E+14 0.272E+19
 0.436E+14 0.274E+19
 0.439E+14 0.276E+19
 0.442E+14 0.277E+19
 0.445E+14 0.279E+19
 0.448E+14 0.282E+19
 0.451E+14 0.284E+19
 0.454E+14 0.288E+19
 0.458E+14 0.291E+19
 0.461E+14 0.293E+19
 0.464E+14 0.294E+19
 0.467E+14 0.298E+19
 0.470E+14 0.301E+19
 0.473E+14 0.303E+19
 0.477E+14 0.305E+19
 0.480E+14 0.307E+19
 0.483E+14 0.309E+19
 0.486E+14 0.311E+19
 0.489E+14 0.313E+19
 0.492E+14 0.317E+19
 0.495E+14 0.320E+19
 0.499E+14 0.322E+19
 0.502E+14 0.324E+19
 0.505E+14 0.325E+19
 0.508E+14 0.331E+19
 0.511E+14 0.333E+19
 0.514E+14 0.336E+19
 0.518E+14 0.338E+19
 0.521E+14 0.340E+19
 0.524E+14 0.343E+19
 0.527E+14 0.344E+19
 0.530E+14 0.346E+19
 0.533E+14 0.349E+19
 0.537E+14 0.352E+19
 0.540E+14 0.354E+19
 0.543E+14 0.356E+19
 0.546E+14 0.359E+19
 0.549E+14 0.361E+19
 0.552E+14 0.363E+19
 0.555E+14 0.365E+19
 0.559E+14 0.368E+19
 0.562E+14 0.370E+19
 0.565E+14 0.371E+19
 0.568E+14 0.372E+19
 0.571E+14 0.374E+19
 0.574E+14 0.377E+19
 0.578E+14 0.379E+19
 0.581E+14 0.383E+19
 0.584E+14 0.386E+19
 0.587E+14 0.389E+19
 0.590E+14 0.391E+19
 0.593E+14 0.392E+19
 0.596E+14 0.395E+19
 0.600E+14 0.398E+19
 0.603E+14 0.400E+19
 0.606E+14 0.402E+19
 0.609E+14 0.403E+19
 0.612E+14 0.406E+19
 0.615E+14 0.407E+19
 0.619E+14 0.410E+19
 0.622E+14 0.413E+19
 0.625E+14 0.415E+19
 0.628E+14 0.417E+19
 0.631E+14 0.420E+19
 0.634E+14 0.421E+19
 0.638E+14 0.426E+19
 0.641E+14 0.428E+19
 0.644E+14 0.430E+19
 0.647E+14 0.432E+19
 0.650E+14 0.434E+19
 0.653E+14 0.437E+19
 0.656E+14 0.439E+19
 0.660E+14 0.442E+19
 0.663E+14 0.444E+19
 0.666E+14 0.446E+19
 0.669E+14 0.451E+19
 0.672E+14 0.454E+19
 0.675E+14 0.455E+19
 0.679E+14 0.458E+19
 0.682E+14 0.460E+19
 0.685E+14 0.463E+19
 0.688E+14 0.465E+19
 0.691E+14 0.468E+19
 0.694E+14 0.470E+19
 0.697E+14 0.473E+19
 0.701E+14 0.477E+19
 0.704E+14 0.479E+19
 0.707E+14 0.480E+19
 0.710E+14 0.483E+19
 0.713E+14 0.485E+19
 0.716E+14 0.488E+19
 0.720E+14 0.490E+19
 0.723E+14 0.493E+19
 0.726E+14 0.497E+19
 0.729E+14 0.498E+19
 0.732E+14 0.502E+19
 0.735E+14 0.503E+19
 0.739E+14 0.507E+19
 0.742E+14 0.510E+19
 0.745E+14 0.511E+19
 0.748E+14 0.514E+19
 0.751E+14 0.516E+19
 0.754E+14 0.520E+19
 0.757E+14 0.522E+19
 0.761E+14 0.524E+19
 0.764E+14 0.527E+19
 0.767E+14 0.529E+19
 0.770E+14 0.533E+19
 0.773E+14 0.535E+19
 0.776E+14 0.537E+19
 0.780E+14 0.540E+19
 0.783E+14 0.542E+19
 0.786E+14 0.544E+19
 0.789E+14 0.546E+19
 0.792E+14 0.549E+19
 0.795E+14 0.551E+19
 0.798E+14 0.554E+19
 0.802E+14 0.557E+19
 0.805E+14 0.558E+19
 0.808E+14 0.562E+19
 0.811E+14 0.562E+19
 0.814E+14 0.565E+19
 0.817E+14 0.568E+19
 0.821E+14 0.569E+19
 0.824E+14 0.571E+19
 0.827E+14 0.573E+19
 0.830E+14 0.574E+19
 0.833E+14 0.578E+19
 0.836E+14 0.581E+19
 0.839E+14 0.583E+19
 0.843E+14 0.586E+19
 0.846E+14 0.589E+19
 0.849E+14 0.590E+19
 0.852E+14 0.594E+19
 0.855E+14 0.595E+19
 0.858E+14 0.600E+19
 0.862E+14 0.601E+19
 0.865E+14 0.604E+19
 0.868E+14 0.607E+19
 0.871E+14 0.609E+19
 0.874E+14 0.611E+19
 0.877E+14 0.612E+19
 0.881E+14 0.614E+19
 0.884E+14 0.616E+19
 0.887E+14 0.618E+19
 0.890E+14 0.621E+19
 0.893E+14 0.623E+19
 0.896E+14 0.625E+19
 0.899E+14 0.627E+19
 0.903E+14 0.630E+19
 0.906E+14 0.633E+19
 0.909E+14 0.635E+19
 0.912E+14 0.637E+19
 0.915E+14 0.639E+19
 0.918E+14 0.641E+19
 0.922E+14 0.643E+19
 0.925E+14 0.646E+19
 0.928E+14 0.647E+19
 0.931E+14 0.651E+19
 0.934E+14 0.652E+19
 0.937E+14 0.654E+19
 0.940E+14 0.658E+19
 0.944E+14 0.658E+19
 0.947E+14 0.661E+19
 0.950E+14 0.664E+19
 0.953E+14 0.666E+19
 0.956E+14 0.669E+19
 0.959E+14 0.671E+19
 0.963E+14 0.673E+19
 0.966E+14 0.675E+19
 0.969E+14 0.677E+19
 0.972E+14 0.679E+19
 0.975E+14 0.681E+19
 0.978E+14 0.684E+19
 0.982E+14 0.687E+19
 0.985E+14 0.690E+19
 0.988E+14 0.691E+19
 0.991E+14 0.694E+19
 0.994E+14 0.695E+19
 0.997E+14 0.698E+19
 0.100E+15 0.701E+19
 0.100E+15 0.703E+19
 0.101E+15 0.706E+19
 0.101E+15 0.708E+19
 0.101E+15 0.711E+19
 0.102E+15 0.714E+19
 0.102E+15 0.716E+19
 0.102E+15 0.718E+19
 0.103E+15 0.720E+19
 0.103E+15 0.723E+19
 0.103E+15 0.725E+19
 0.104E+15 0.727E+19
 0.104E+15 0.730E+19
 0.104E+15 0.732E+19
 0.104E+15 0.734E+19
 0.105E+15 0.737E+19
 0.105E+15 0.740E+19
 0.105E+15 0.744E+19
 0.106E+15 0.745E+19
 0.106E+15 0.749E+19
 0.106E+15 0.751E+19
 0.107E+15 0.753E+19
 0.107E+15 0.755E+19
 0.107E+15 0.757E+19
 0.108E+15 0.758E+19
 0.108E+15 0.761E+19
 0.108E+15 0.762E+19
 0.109E+15 0.766E+19
 0.109E+15 0.768E+19
 0.109E+15 0.771E+19
 0.110E+15 0.773E+19
 0.110E+15 0.776E+19
 0.110E+15 0.778E+19
 0.110E+15 0.780E+19
